offset_error_mean=0.0014626190027416108
angle_error_mean=0.0035631773847153297
offset_error_mean=0.003657173009551512
angle_error_mean=0.005345305455936771
offset_error_mean=0.003971659983797615
angle_error_mean=0.009774357371698773
offset_error_mean=0.007708131595040663
angle_error_mean=0.011287615786927297
offset_error_mean=0.0059957715530934985
angle_error_mean=0.006979522421470704
a0=[0.0, 0.0]
a0_est=[1859.3571961257135, 1826.0222717443567]
x0=[[0.78125, 0.0], [0.390625, -0.24865174119051325]]
x0_est=[[0.778216662666316, 0.0008973150952506331], [0.3866271379196755, -0.23967854235826344]]
amp_error=[Inf, Inf]
offset_error=[0.0030333373336840497, 0.003997862080324488]
angle_error=[0.0008973150952506331, 0.008973198832249812]
amp_error_mean=Inf
offset_error_mean=0.003515599707004269
angle_error_mean=0.004935256963750223
a0=[0.0, 0.0]
a0_est=[1859.3571961257135, 1826.0222717443567]
x0=[[0.78125, 0.0], [0.390625, -0.24865174119051325]]
x0_est=[[0.778216662666316, 0.0008973150952506331], [0.3866271379196755, -0.23967854235826344]]
amp_error=[Inf, Inf]
offset_error=[0.0030333373336840497, 0.003997862080324488]
angle_error=[0.0008973150952506331, 0.008973198832249812]
amp_error_mean=Inf
offset_error_mean=0.003515599707004269
angle_error_mean=0.004935256963750223
